0	42	68	1	35	1	2	70	25	3	79	59	4	63	65	5	6	46	6	82	28	7	62	92	8	96	43	9	28	37	
10	92	5	11	3	54	12	93	83	13	22	17	14	19	96	15	48	27	16	72	39	17	70	13	18	68	100	19	36	95	
20	4	12	21	23	34	22	74	65	23	42	12	24	54	69	25	48	45	26	63	58	27	38	60	28	24	42	29	30	79	
30	17	36	31	91	43	32	89	7	33	41	43	34	65	49	35	47	6	36	91	30	37	71	51	38	7	2	39	94	49	
40	30	24	41	85	55	42	57	41	43	67	77	44	32	9	45	45	40	46	27	24	47	38	39	48	19	83	49	30	42	
50	34	16	51	40	59	52	5	31	53	78	7	54	74	87	55	22	46	56	25	73	57	71	30	58	78	74	59	98	13	
60	87	91	61	62	37	62	56	68	63	56	75	64	32	53	65	51	51	66	42	25	67	67	31	68	8	92	69	8	38	
70	58	88	71	54	84	72	46	10	73	10	59	74	22	89	75	23	47	76	7	31	77	14	69	78	1	92	79	63	56	
80	11	60	81	25	38	82	49	84	83	96	42	84	3	51	85	92	37	86	75	21	87	97	22	88	49	100	89	69	85	
90	82	35	91	54	100	92	19	39	93	1	89	94	28	68	95	29	94	96	49	84	97	8	22	98	11	18	99	14	15	
100	10	17	101	36	52	102	1	50	103	20	57	104	99	4	105	25	9	106	45	10	107	90	3	108	96	86	109	94	44	
110	24	88	111	15	4	112	49	1	113	59	19	114	81	97	115	99	82	116	90	99	117	10	58	118	73	23	119	39	93	
120	39	80	121	91	58	122	59	92	123	16	89	124	57	12	125	3	35	126	73	56	127	29	47	128	63	87	129	76	34	
130	70	43	131	45	17	132	82	99	133	23	52	134	22	100	135	58	77	136	93	90	137	76	13	138	1	11	139	4	70	
140	62	89	141	2	90	142	56	24	143	3	86	144	83	86	145	89	27	146	18	58	147	33	33	148	70	55	149	22	90	
150	77	30	151	69	93	152	26	56	153	35	50	154	42	13	155	46	61	156	19	54	157	40	24	158	80	97	159	88	30	
160	50	38	161	67	50	162	94	96	163	98	17	164	87	6	165	89	83	166	56	35	167	15	2	168	17	72	169	87	64	
170	14	56	171	86	54	172	13	9	173	33	46	174	14	57	175	22	59	176	47	83	177	82	45	178	97	23	179	30	62	
180	36	51	181	74	67	182	45	60	183	93	40	184	54	25	185	55	11	186	46	50	187	87	14	188	75	23	189	69	19	
190	88	6	191	59	92	192	3	26	193	78	15	194	15	25	195	35	75	196	73	60	197	34	71	198	88	98	199	19	78	
200	74	71	201	64	69	202	93	86	203	3	81	204	14	28	205	3	100	206	28	26	207	44	25	208	24	73	209	62	82	
210	4	33	211	6	94	212	26	32	213	93	43	214	23	87	215	65	1	216	88	61	217	14	75	218	71	71	219	36	34	
220	12	61	221	97	68	222	86	51	223	41	95	224	96	25	225	20	26	226	77	95	227	59	3	228	72	67	229	79	94	
230	52	85	231	19	65	232	20	53	233	1	88	234	61	27	235	11	58	236	71	16	237	77	28	238	44	59	239	65	10	
240	83	87	241	66	88	242	78	75	243	26	28	244	30	29	245	24	21	246	3	63	247	24	97	248	38	62	249	96	26	
250	65	61	251	3	17	252	31	27	253	12	72	254	12	48	255	54	21	256	91	25	257	89	64	258	41	52	259	63	30	
260	1	14	261	59	79	262	66	8	263	78	1	264	59	40	265	4	61	266	58	25	267	78	9	268	14	88	269	2	51	
270	61	29	271	94	85	272	6	41	273	12	5	274	36	57	275	73	51	276	24	86	277	57	17	278	27	58	279	27	58	
280	38	72	281	70	62	282	97	23	283	18	13	284	18	97	285	86	42	286	24	30	287	30	66	288	60	33	289	97	56	
290	54	63	291	85	35	292	55	73	293	58	70	294	33	64	295	8	84	296	12	36	297	68	49	298	76	39	299	24	43	
300	55	12	301	42	76	302	60	26	303	22	71	304	27	35	305	6	84	306	51	99	307	80	2	308	94	35	309	38	35	
310	57	94	311	77	6	312	63	49	313	82	1	314	14	42	315	56	56	316	43	63	317	12	78	318	25	79	319	53	44	
320	97	74	321	41	14	322	76	73	323	19	11	324	18	33	325	13	96	326	70	32	327	41	89	328	86	91	329	98	90	
330	91	46	331	54	15	332	52	41	333	45	59	334	36	60	335	93	6	336	65	82	337	4	30	338	76	9	339	93	98	
340	50	57	341	62	28	342	68	42	343	30	41	344	14	75	345	2	78	346	16	84	347	14	93	348	25	2	349	93	60	
350	71	29	351	28	85	352	76	87	353	99	71	354	88	48	355	5	4	356	22	64	357	7	64	358	11	72	359	90	41	
360	65	43	361	20	14	362	92	5	363	19	33	364	51	6	365	76	40	366	4	23	367	99	48	368	85	49	369	72	65	
370	14	76	371	46	13	372	47	79	373	70	63	374	20	86	375	90	45	376	66	41	377	46	9	378	19	71	379	2	24	
380	33	73	381	53	88	382	71	64	383	2	4	384	24	28	385	1	70	386	16	66	387	29	44	388	48	89	389	44	38	
390	10	64	391	50	82	392	89	43	393	9	61	394	22	59	395	55	89	396	47	91	397	50	44	398	31	21	399	49	68	
400	37	84	401	36	27	402	86	39	403	54	30	404	25	49	405	24	60	406	58	67	407	45	56	408	19	27	409	12	26	
410	56	2	411	50	97	412	85	16	413	65	43	414	76	14	415	43	97	416	49	73	417	27	7	418	74	30	419	5	6	
420	27	13	421	76	94	422	66	37	423	37	42	424	15	95	425	57	53	426	37	39	427	83	56	428	16	32	429	31	42	
430	26	12	431	38	87	432	91	51	433	63	35	434	94	54	435	17	53	436	9	63	437	34	55	438	4	35	439	4	57	
440	49	25	441	18	14	442	10	29	443	1	81	444	19	59	445	51	56	446	62	65	447	4	77	448	44	10	449	3	62	
450	90	49	451	83	54	452	75	21	453	3	24	454	32	70	455	79	60	456	9	20	457	72	4	458	46	82	459	5	93	
460	86	14	461	99	90	462	23	39	463	38	11	464	62	35	465	9	62	466	60	94	467	16	70	468	38	70	469	59	1	
470	72	65	471	18	16	472	56	16	473	31	40	474	13	89	475	83	55	476	86	11	477	85	75	478	81	16	479	52	42	
480	16	80	481	11	99	482	74	89	483	78	33	484	57	90	485	14	9	486	42	91	487	24	64	488	29	85	489	79	1	
490	72	86	491	75	72	492	34	68	493	54	96	494	69	26	495	77	30	496	51	99	497	10	94	498	87	81	499	17	50	
